8 8 10 378 378 21 50
1 1 1 1 9 1 0 0 0 0 0 0 0 0 0 0 0 0 0 0 0 0 0 0 
1 9 1 1 1 1 0 0 0 0 0 0 0 0 0 0 0 0 0 0 0 0 0 0 
2 2 3 1 1 0 1 1 0 0 0 0 0 0 0 0 0 0 0 0 0 0 0 0 
3 9 4 9 2 0 1 9 0 0 0 0 0 0 0 0 0 0 0 0 0 0 0 0 
9 9 6 9 3 0 1 1 0 0 0 0 0 0 0 0 0 0 0 0 0 0 0 0 
3 9 4 9 2 0 0 0 0 0 0 0 0 0 0 0 0 0 0 0 0 0 0 0 
1 1 2 1 1 0 0 0 0 0 0 0 0 0 0 0 0 0 0 0 0 0 0 0 
0 0 0 0 0 0 0 0 0 0 0 0 0 0 0 0 0 0 0 0 0 0 0 0 
0 0 0 0 0 0 0 0 0 0 0 0 0 0 0 0 0 0 0 0 0 0 0 0 
0 0 0 0 0 0 0 0 0 0 0 0 0 0 0 0 0 0 0 0 0 0 0 0 
0 0 0 0 0 0 0 0 0 0 0 0 0 0 0 0 0 0 0 0 0 0 0 0 
0 0 0 0 0 0 0 0 0 0 0 0 0 0 0 0 0 0 0 0 0 0 0 0 
0 0 0 0 0 0 0 0 0 0 0 0 0 0 0 0 0 0 0 0 0 0 0 0 
0 0 0 0 0 0 0 0 0 0 0 0 0 0 0 0 0 0 0 0 0 0 0 0 
0 0 0 0 0 0 0 0 0 0 0 0 0 0 0 0 0 0 0 0 0 0 0 0 
0 0 0 0 0 0 0 0 0 0 0 0 0 0 0 0 0 0 0 0 0 0 0 0 
1 1 1 1 11 1 0 0 10 10 10 10 10 10 10 10 10 10 10 10 10 10 10 10 
1 11 1 1 1 1 0 0 10 10 10 10 10 10 10 10 10 10 10 10 10 10 10 10 
2 2 3 1 1 0 1 1 10 10 10 10 10 10 10 10 10 10 10 10 10 10 10 10 
3 11 4 11 2 0 1 11 10 10 10 10 10 10 10 10 10 10 10 10 10 10 10 10 
11 11 6 11 3 0 1 1 10 10 10 10 10 10 10 10 10 10 10 10 10 10 10 10 
3 11 4 11 2 0 0 0 10 10 10 10 10 10 10 10 10 10 10 10 10 10 10 10 
1 1 2 1 1 0 0 0 10 10 10 10 10 10 10 10 10 10 10 10 10 10 10 10 
0 0 0 0 0 0 0 0 10 10 10 10 10 10 10 10 10 10 10 10 10 10 10 10 
10 10 10 10 10 10 10 10 10 10 10 10 10 10 10 10 10 10 10 10 10 10 10 10 
10 10 10 10 10 10 10 10 10 10 10 10 10 10 10 10 10 10 10 10 10 10 10 10 
10 10 10 10 10 10 10 10 10 10 10 10 10 10 10 10 10 10 10 10 10 10 10 10 
10 10 10 10 10 10 10 10 10 10 10 10 10 10 10 10 10 10 10 10 10 10 10 10 
10 10 10 10 10 10 10 10 10 10 10 10 10 10 10 10 10 10 10 10 10 10 10 10 
10 10 10 10 10 10 10 10 10 10 10 10 10 10 10 10 10 10 10 10 10 10 10 10 
10 10 10 10 10 10 10 10 10 10 10 10 10 10 10 10 10 10 10 10 10 10 10 10 
10 10 10 10 10 10 10 10 10 10 10 10 10 10 10 10 10 10 10 10 10 10 10 10 
1  1